63
971
1880
2788
697
1606
2514
423
1331
2240
149
1057
1966
2875
783
1692
2600
509
1418
2326
235
1143
2052
2961
869
1778
2686
595
1504
2412
321
1230
2138
47
955
1864
5
913
1822
2730
639
1548
2456
365
1274
2182
91
999
1908
2817
725
1634
2542
451
1360
2268
177
1085
1994
2903
811
1720
2629
537
1446
2354
263
1172
2080
2989
897
1806
2715
855
1764
2673
581
1490
2398
307
1216
2124
33
941
1850
2759
667
1576
2484
393
1302
2210
119
1028
1936
2845
753
1662
2571
479
1388
2296
205
1114
2022
2931
840
1748
2657
797
1706
2615
523
1432
2340
249
1158
2066
2975
883
1792
2701
609
1518
2427
335
1244
2152
61
970
1878
2787
695
1604
2513
421
1330
2239
147
1056
1964
2873
782
1690
2599
739
1648
2557
465
1374
2282
191
1100
2008
2917
826
1734
2643
551
1460
2369
277
1186
2094
3
912
1820
2729
637
1546
2455
363
1272
2181
89
998
1906
2815
724
1632
2541
681
1590
2499
407
1316
2225
133
1042
1950
2859
768
1676
2585
493
1402
2311
219
1128
2036
22005
22914
23822
24731
25639
26548
27457
28365
29274
182
1091
2000
140
1049
1957
2866
3775
4683
5592
6501
7409
8318
9226
10135
27882
28791
29699
608
1516
2425
566
1474
2383
3291
4200
5109
6017
6926
7834
8743
9652
10560
11469
12378
13286
14195
15103
16012
16921
17829
18738
19646
20555
21464
22372
23281
24190
25098
26007
26915
27824
28733
29641
550
1458
2367
508
1416
2325
3233
4142
5051
5959
6868
7777
8685
9594
10502
11411
12320
13228
14137
15045
15954
16863
17771
18680
19589
20497
21406
22314
23223
24132
25040
25949
26857
27766
28675
29583
492
1400
2309
450
1358
2267
3176
4084
4993
5901
6810
7719
8627
9536
10444
11353
12262
13170
14079
14987
15896
16805
17713
18622
19531
20439
21348
22256
23165
24074
24982
25891
26799
27708
28617
29525
434
1343
2251
392
1300
2209
3118
4026
4935
5843
6752
7661
8569
9478
10386
11295
12204
13112
14021
14930
15838
16747
17655
18564
19473
20381
21290
22198
23107
24016
24924
25833
26742
27650
28559
29467
376
1285
2193
334
1242
2151
3060
3968
4877
5785
6694
7603
8511
9420
10329
11237
12146
13054
13963
14872
15780
16689
17597
18506
19415
20323
21232
22141
23049
1422
2330
239
1148
2056
2965
873
1782
2691
599
1508
2417
325
1234
2142
51
960
1868
2777
685
1594
2503
643
1552
2460
369
1278
2186
95
1004
1912
2821
729
1638
2547
455
1364
2272
181
1090
1998
2907
816
1724
2633
541
1450
2359
267
1176
2084
2993
902
1810
2719
627
1536
2445
585
1494
2403
311
1220
2128
37
946
1854
2763
671
1580
2489
397
1306
2215
123
1032
1940
2849
758
1666
2575
483
1392
2301
209
1118
2026
2935
844
1752
2661
570
1478
2387
527
1436
2345
253
1162
2070
2979
888
1796
2705
613
1522
1269
2178
86
995
1903
44
953
1861
2770
679
1587
2496
404
1313
2222
130
1039
1947
2856
765
1673
2582
491
1399
2308
216
1125
2034
2942
851
1759
2668
577
1485
2394
302
1211
2120
28
937
1846
2754
895
1803
2712
621
1529
2438
346
1255
2164
72
981
1890
2798
707
1615
2524
433
1341
2250
158
1067
1976
2884
793
1701
2610
519
1427
2336
245
1153
2062
2970
879
1788
2696
837
1745
2654
563
1471
2380
288
1197
2106
14
923
1832
2740
649
1557
2466
375
1283
2192
100
1009
1918
2826
735
1644
2552
461
1369
2278
187
1095
2004
2912
821
1730
2638
779
1687
2596
505
1413
2322
231
1139
2048
2956
865
1774
2682
591
1499
2408
317
1225
2134
43
951
1860
2768
677
1586
2494
403
1311
2220
129
1037
1946
2854
763
1672
2580
721
1630
2538
447
1355
2264
173
1081
1990
2898
807
1716
2624
533
1442
2350
259
1167
2076
2985
893
1802
2710
619
1528
2436
345
1253
2162
71
979
1888
2797
705
1614
2522
663
1572
2480
389
1297
2206
115
1023
1932
2841
749
1658
2566
475
1384
2292
201
1109
2018
2927
835
1744
2652
561
1470
2378
287
1196
2104
13
921
1830
2739
647
1556
2464
605
1514
2422
331
1239
2148
57
965
1874
2783
691
1600
2508
417
1326
2234
143
1051
1960
2869
777
1686
2595
503
1412
2320
229
1138
2046
2955
863
1772
2681
589
1498
2406
547
1456
2364
273
1182
2090
2999
907
1816
2725
633
1542
2450
359
1268
2176
85
994
1902
2811
719
1628
2537
445
1354
2262
171
1080
1988
2897
805
1714
2623
531
1440
2349
489
1398
2306
215
1124
2032
2941
849
596
1505
2414
322
1231
2139
48
957
1865
6
914
1823
2732
640
1549
2458
366
1275
2183
92
1001
1909
2818
726
1635
2544
452
1361
2270
178
1087
1995
2904
813
1721
2630
538
1447
2356
264
1173
2081
2990
899
1807
2716
857
1765
2674
582
1491
2400
308
1217
2125
34
943
1851
2760
669
1577
2486
394
1303
2212
120
1029
1937
2846
755
1663
2572
480
1389
2298
206
1115
2024
2932
841
1749
2658
799
1707
2616
524
1433
2342
250
1159
2068
2976
885
1793
2702
611
1519
2428
336
1245
2154
62
971
1879
2788
697
1605
2514
423
1331
2240
148
1057
1966
2874
783
1691
2600
741
1649
2558
467
1375
2284
192
1101
2010
2918
827
1735
2644
553
1461
2370
278
1187
2096
4
913
1822
2730
639
1547
2456
365
1273
2182
90
999
1908
2816
725
1634
2542
683
1591
2500
409
1317
2226
134
1043
1952
2860
769
1677
2586
495
1403
2312
221
1129
2038
2946
855
1764
2672
581
1489
2398
307
1215
2124
32
941
1850
2758
667
1576
2484
625
1533
2442
351
1259
2168
76
985
1894
2802
711
1620
2528
437
1345
2254
163
1071
1980
2888
797
1706
2614
523
1431
2340
249
1157
2066
2975
883
1792
2700
609
1518
2426
567
1475
2384
293
1201
2110
19
927
1836
2744
653
1562
2470
379
1287
2196
105
1013
1922
2830
739
1648
2556
465
1374
2282
191
1099
2008
2917
825
1734
2642
551
1460
2368
509
1418
2326
235
1143
2052
2961
869
1778
2686
595
1504
2412
321
1229
2138
47
955
1864
2773
681
1590
2498
407
1316
2224
133
1041
1020
1929
2838
746
1655
2563
472
1381
2289
198
1106
2015
2924
832
1741
2650
558
1467
2375
284
1193
2101
10
918
1827
2736
876
1785
2694
602
1511
2419
328
1237
2145
54
962
1871
2780
688
1597
2505
414
1323
2231
140
1049
1957
2866
774
1683
2592
500
1409
2317
226
1135
2043
2952
861
1769
2678
818
1727
2636
544
1453
2361
270
1179
2087
2996
904
1813
2722
630
1539
2448
356
1265
2173
82
991
1899
2808
716
1625
2534
442
1351
2260
168
1077
1985
2894
803
1711
2620
760
1669
2578
2325
233
1142
2050
2959
868
1776
2685
593
1502
2411
319
1228
2137
277
1186
2094
3
912
1820
2729
637
1546
2455
363
1272
2180
89
998
1906
2815
724
1632
2541
449
1358
2267
175
1084
1992
2901
810
1718
2627
536
1444
2353
261
1170
2079
219
1128
2036
2945
854
1762
2671
579
1488
2397
305
1214
2123
31
940
1848
2757
666
1574
2483
391
1300
2209
117
1026
1935
2843
752
1660
2569
478
1386
2295
203
1112
2021
161
1070
1978
2887
796
1704
2613
522
1430
2339
247
1156
2065
2973
882
1790
2699
608
1516
2425
333
1242
2151
59
968
1877
2785
694
1602
2511
420
1328
2237
145
1054
1963
103
1012
1921
2829
738
1646
2555
464
1372
2281
189
1098
2007
2915
824
1732
2641
550
1458
2367
276
1184
2093
1
910
1819
2727
636
1544
2453
362
1270
2179
88
996
1905
45
954
1863
2771
680
1588
2497
406
1314
2223
131
1040
1949
2857
766
1675
1421
2330
471
1379
2288
197
1105
2014
2922
831
1740
2648
557
1465
2374
283
1191
2100
8
917
1826
2734
643
1552
2460
369
1277
2186
95
1003
1912
2820
729
1638
2546
455
1364
2272
413
1321
2230
139
1047
1956
2864
773
1682
2590
499
1407
2316
225
1133
2042
2951
859
1768
2676
585
1494
2402
311
1219
2128
37
945
1854
2763
671
1580
2488
397
1306
2214
355
1263
2172
81
989
1898
2806
715
1624
2532
441
1350
2258
167
1075
1984
2893
801
1710
2618
527
1436
2344
253
1162
2070
2979
887
1796
2705
613
1522
2430
339
1248
2156
297
1205
2114
23
931
1840
2749
657
1566
2474
383
1292
2200
109
1017
1926
2835
743
1652
2561
469
1378
2286
195
1104
2012
2921
829
1738
2647
555
1464
2372
281
1190
2098
239
1148
2056
2965
873
1782
2691
599
1508
2416
325
1234
2142
51
959
1868
2777
685
1594
2503
411
1320
2228
137
1046
1954
2863
771
1680
2589
497
1406
2315
223
1132
2040
181
1090
1998
2907
815
1724
2633
541
1450
2358
267
1176
2084
2993
902
1810
2719
627
1536
2445
353
1262
2170
79
988
1896
2805
714
1622
2531
439
1348
2257
165
1074
1982
123
1032
1940
2849
757
1666
2575
483
1392
2301
209
1118
2026
2935
844
1752
2661
569
1478
2387
295
1204
2113
21
930
1838
2747
656
1564
2473
381
1290
2199
107
1016
1924
65
974
1882
2791
700
1608
2517
425
1334
2243
151
1060
1968
2877
786
1694
2603
512
1420
2329
237
1146
2055
2963
872
1780
2689
598
1506
2415
2394
302
1211
2120
28
937
1845
1824
2733
642
1550
2459
367
1276
2185
93
1002
1911
2819
728
1636
2545
454
1362
2271
179
1088
1997
2905
814
1722
2631
540
1448
2357
266
1174
2083
2991
900
1809
2717
858
1766
2675
584
1492
2401
309
1218
2127
35
944
1853
2761
670
1578
2487
396
1304
2213
121
1030
1939
2847
756
1665
2573
482
1390
2299
208
1116
2025
2933
842
1751
2659
800
1708
2617
526
1434
2343
252
1160
2069
2977
886
1795
2703
612
1520
2429
338
1246
2155
64
972
1881
2789
698
1607
2515
424
1332
2241
150
1058
1967
2875
784
1693
2601
742
1651
2559
468
1376
2285
194
1102
2011
2919
828
1737
2645
554
1463
280
259
1167
2076
2984
893
1802
2710
619
1528
2436
345
1253
2162
71
979
1888
2796
705
1614
2522
431
1340
2248
157
1065
1974
2883
791
1700
2608
517
1426
2334
243
1151
2060
201
1109
2018
2927
835
1744
2652
561
1470
2378
287
1195
2104
13
921
1830
2739
647
1556
2464
373
1282
2190
99
1007
1916
2825
733
1642
2550
459
1368
2276
185
1094
2002
143
1051
1960
2869
777
1686
2594
503
1412
2320
229
1138
2046
2955
863
1772
2681
589
1498
2406
315
1224
2132
41
949
1858
2767
675
1584
2493
401
1310
2218
127
1036
1944
85
993
1902
2811
719
1628
2537
445
1354
2262
171
1080
1988
2897
805
1714
2623
531
1440
2348
257
1166
2074
2983
892
1800
2709
617
1526
1505
2414
322
1231
2139
48
957
1865
2774
682
1591
2500
408
1317
2225
134
1043
1951
2860
769
1677
2586
494
1403
2312
452
1361
2269
178
1087
1995
2904
813
1721
2630
538
1447
2356
264
1173
2081
2990
899
1807
2716
624
1533
2442
350
1259
2168
76
985
1893
2802
711
1619
2528
436
1345
2254
394
1303
2212
120
1029
1937
2846
755
1663
2572
480
1389
2298
206
1115
2023
2932
841
1749
2658
567
1475
2384
292
1201
2110
18
927
1835
2744
653
1561
2470
378
1287
2196
336
1245
2154
62
971
1879
2788
697
1605
2514
422
1331
2240
148
1057
1966
2874
783
1691
2600
509
1417
2326
234
1143
2052
2960
869
1777
1756
1503
2412
321
1229
2138
278
1187
2096
4
913
1821
2730
639
1547
2456
365
1273
2182
90
999
1908
2816
725
1633
2542
451
1359
2268
176
1085
1994
2902
811
1720
2628
537
1445
2354
263
1171
2080
220
1129
2038
2946
855
1764
2672
581
1489
2398
307
1215
2124
32
941
1850
2758
667
1575
2484
393
1301
2210
119
1027
1936
2844
753
1662
2570
479
1387
2296
205
1113
2022
163
1071
1980
2888
797
1706
2614
523
1431
2340
249
1157
2066
2974
883
1792
2700
609
1518
2426
335
1243
2152
61
969
1878
2786
695
1604
2512
421
1330
2238
147
1055
1964
105
1013
1922
2830
739
1648
2556
465
1373
2282
191
1099
2008
2917
825
1734
2642
551
1460
2368
277
1185
2094
3
2982
890
1799
2707
616
1525
2433
342
1250
2159
68
976
1885
2794
702
1611
2519
428
1337
2245
154
1062
1971
2880
788
1697
2606
514
1423
2331
472
1381
2289
198
1106
2015
2924
832
1741
2649
558
1467
2375
284
1193
2101
10
918
1827
2736
644
1553
2461
370
1279
2187
96
1004
1913
2822
730
1639
2548
456
1365
2273
414
1323
2231
140
1048
1957
2866
774
1683
2592
500
1409
2317
226
1135
2043
2952
860
1769
2678
586
1495
2403
312
1221
2129
38
947
1855
2764
672
1581
2490
398
1307
2215
356
1265
2173
82
991
1899
2808
716
1625
2534
442
1351
2259
168
1077
1985
2894
802
1711
2620
528
1437
2346
254
1163
2071
2980
889
1797
2706
614
1523
2432
340
1249
2158
298
1207
2115
24
933
1841
2750
658
1567
2476
384
1293
2201
110
1019
1927
2836
745
1653
2562
470
1379
2288
196
1105
2013
2922
831
1739
2648
557
1465
2374
282
1191
2100
240
1149
2057
2966
875
1783
2692
600
1509
2418
326
1235
2144
52
961
1869
2778
687
1595
2504
412
1321
2230
138
1047
1956
2864
773
1681
2590
499
1407
2316
224
1133
2042
182
1091
