1263
2172
80
989
1898
2806
715
1623
2532
441
1349
2258
166
1075
1984
124
1033
1942
2850
759
1667
2576
485
1393
2302
210
1119
2028
2936
845
1753
2662
571
1479
2388
297
1205
2114
22
931
1840
2748
657
1565
2474
383
1291
2200
109
1017
1926
66
975
1884
2792
701
1609
2518
427
1335
2244
152
1061
1970
2878
787
1696
2604
513
1421
2330
239
1147
2056
2964
873
1782
2690
599
1508
2416
325
1233
2142
51
959
1868
8
917
1826
2734
643
1551
2460
369
1277
2186
95
1003
1912
2820
729
1638
2546
455
1363
2272
181
1089
1998
2907
815
1724
2632
541
1450
2358
267
1175
2084
2993
901
1810
2718
859
1768
2676
585
1494
2402
311
1219
2128
37
2784
692
1601
2509
418
1327
2235
376
1284
2193
102
1010
1919
2827
736
1645
2553
462
1371
2279
188
1096
2005
2914
822
1731
2639
548
1457
2365
274
1183
2091
3000
908
1817
2726
634
1543
2451
360
1269
2177
318
1226
2135
44
952
1861
2770
678
1587
2495
404
1313
2221
130
1038
1947
2856
764
1673
2582
490
1399
2307
216
1125
2033
2942
850
1759
2668
576
1485
2393
302
1211
2119
260
1169
2077
2986
894
1803
2712
620
1529
2437
346
1255
2163
72
980
1889
2798
706
1615
2524
432
1341
2249
158
1067
1975
2884
792
1701
2610
518
1427
2336
244
1153
2061
202
1111
2019
2928
836
1745
2654
562
1471
2379
288
1197
2105
14
923
1831
2740
648
1557
2466
374
1283
2191
100
1009
1917
2826
735
1643
2552
460
1369
2278
186
1095
2003
144
1053
1961
2870
778
1687
2596
504
1413
2322
230
1139
2047
2956
865
1773
2682
590
1499
2408
316
1225
2134
42
951
1859
2768
677
1585
2494
402
1311
2220
128
1037
1945
86
995
1903
2812
721
1629
2538
446
1355
2264
172
1081
1989
2898
807
1715
2624
533
1441
2350
258
1167
2076
2984
893
1801
2710
619
1527
2436
344
1253
2162
70
979
1888
28
937
1845
2754
663
1571
2480
388
1297
2206
114
1023
1932
2840
749
1657
2566
475
1383
2292
200
1109
2018
2926
835
1743
2652
561
1469
2378
287
1195
2104
12
921
1830
2738
879
1787
2696
605
1513
2422
330
1239
2148
56
965
1874
2782
691
1599
2508
417
1325
2234
142
1051
1960
2868
777
1686
2594
503
1411
2320
229
1137
2046
2954
863
1772
2680
821
1729
1476
2385
294
1202
2111
19
928
1837
2745
654
1563
2471
380
1288
2197
338
1246
2155
63
972
1881
2789
698
1607
2515
424
1332
2241
150
1058
1967
2875
784
1693
2601
510
1418
2327
236
1144
2053
2962
870
1779
2687
596
1505
2413
322
1230
2139
280
1188
2097
5
914
1823
2731
640
1549
2457
366
1274
2183
92
1000
1909
2817
726
1635
2543
452
1361
2269
178
1086
1995
2904
812
1721
2629
538
1447
2355
264
1172
2081
222
1130
2039
2948
856
1765
2673
582
1491
2399
308
1216
2125
34
942
1851
2760
668
1577
2485
394
1303
2211
120
1028
1937
2846
754
1663
2571
480
1389
2297
206
1115
2023
164
1072
1981
2890
798
1707
2615
524
1433
2341
250
1159
2067
2976
884
1793
2702
610
1519
2427
336
1245
2153
62
970
1879
2788
696
1605
2514
422
1331
2239
148
1057
1965
106
1014
1923
2832
740
1649
2558
466
1375
2283
192
1101
2009
2918
826
1735
2644
552
1461
2369
278
1187
2095
4
913
1821
2730
638
1547
2456
364
1273
2181
90
999
1907
48
956
1865
2774
682
1591
2500
408
1317
2225
134
1043
1951
2860
768
1677
2586
494
1403
2312
220
1129
2037
2946
855
1763
2672
580
1489
2398
306
1215
2123
32
941
1849
2758
899
1807
2716
624
1533
2442
350
1259
2167
76
985
1893
2802
711
1619
2528
436
1345
2254
162
1071
1979
2888
797
1705
2614
522
1431
2340
248
1157
2066
2974
883
1791
2700
841
1749
2658
566
1475
2384
292
1201
2110
18
927
1835
1582
2491
399
1308
2217
357
1266
2175
83
992
1900
2809
718
1626
2535
443
1352
2261
169
1078
1987
2895
804
1712
2621
530
1438
2347
255
1164
2073
2981
890
1798
2707
616
1524
2433
342
1250
2159
299
1208
2117
25
934
1842
2751
660
1568
2477
386
1294
2203
111
1020
1929
2837
746
1654
2563
472
1380
2289
197
1106
2015
2923
832
1741
2649
558
1466
2375
284
1192
2101
241
1150
2059
2967
876
1785
2693
602
1510
2419
328
1236
2145
53
962
1871
2779
688
1596
2505
414
1322
2231
140
1048
1957
2865
774
1683
2591
500
1408
2317
226
1134
2043
184
1092
2001
2909
818
1727
2635
544
1452
2361
270
1178
2087
2995
904
1813
2721
630
1539
2447
356
1264
2173
82
990
1899
2807
716
1625
2533
442
1351
2259
168
1076
1985
126
1034
1943
2851
760
1669
2577
486
1394
2303
212
1120
2029
2938
846
1755
2663
572
1481
2389
298
1206
2115
24
932
1841
2749
658
1567
2475
384
1293
2201
110
1018
1927
68
976
1885
2793
702
1611
2519
428
1337
2245
154
1062
1971
2880
788
1697
2605
514
1423
2331
240
1148
2057
2966
874
1783
2692
600
1509
2417
326
1235
2143
52
960
1869
10
918
1827
2736
644
1553
2461
370
1279
2187
96
1004
1913
2822
730
1639
2547
456
1365
2273
182
1091
1999
2908
816
1725
2634
542
1451
2359
268
1177
2085
2994
903
1811
2720
860
1769
2678
586
1495
2403
312
1221
968
1876
2785
693
1602
2511
419
1328
2236
377
1286
2194
103
1012
1920
2829
737
1646
2555
463
1372
2280
189
1098
2006
2915
823
1732
2641
549
1458
2367
275
1184
2092
1
910
1818
2727
635
1544
2453
361
1270
2179
319
1228
2136
45
954
1862
2771
679
1588
2497
405
1314
2222
131
1040
1948
2857
766
1674
2583
491
1400
2309
217
1126
2034
2943
852
1760
2669
578
1486
2395
303
1212
2121
261
1170
2078
2987
896
1804
2713
621
1530
2439
347
1256
2165
73
982
1890
2799
708
1616
2525
433
1342
2251
159
1068
1977
2885
794
1702
2611
520
1428
2337
245
1154
2063
203
1112
2020
2929
838
1746
2655
564
1472
2381
289
1198
2107
15
924
1832
2741
650
1558
2467
375
1284
2193
101
1010
1919
2827
736
1644
2553
462
1370
2279
187
1096
2005
145
1054
1963
2871
780
1688
2597
506
1414
2323
231
1140
2049
2957
866
1774
2683
592
1500
2409
318
1226
2135
43
952
1861
2769
678
1586
2495
404
1312
2221
130
1038
1947
87
996
1905
2813
722
1630
2539
448
1356
2265
173
1082
1991
2899
808
1717
2625
534
1442
2351
260
1168
2077
2985
894
1803
2711
620
1529
2437
346
1254
2163
72
980
1889
29
938
1847
2755
664
1572
2481
2228
137
1954
2862
771
1680
2588
497
1406
2314
455
1363
2272
181
1089
1998
2906
815
1724
2632
541
1449
2358
267
1175
2084
2993
901
1810
2718
627
1536
2444
353
1261
2170
79
987
1896
2805
713
1622
2530
439
1348
2256
397
1305
2214
123
1031
1940
2848
757
1666
1413
1392
2300
209
1117
2026
2935
843
1752
2660
569
1478
2386
295
274
1182
2091
3000
908
1817
2725
634
1543
2451
360
1269
2177
86
994
1903
2812
720
1629
2537
446
1355
2263
2242
151
2898
2877
2624
764
1673
2581
2328
237
1146
1124
2033
2942
2689
597
1506
2414
2393
302
1211
1190
936
1845
1824
2733
641
1550
2458
367
1276
2184
93
1001
1910
2819
727
1636
2545
453
1362
2270
179
1088
1996
2905
813
1722
2631
539
1448
2357
265
1174
2082
223
1132
2040
2949
857
1766
2675
583
1492
2400
309
1218
2126
35
944
1852
2761
669
1578
2487
395
1304
2212
2191
100
1009
1917
2826
734
1643
2552
460
1369
2278
186
1095
2003
2912
821
1729
2638
546
1455
2364
272
1181
2089
2998
907
1815
2724
633
1541
2450
590
1499
2408
316
1225
2133
42
951
1859
2768
676
1585
2494
402
1311
2220
128
1037
1945
2854
763
1671
2580
488
1397
2306
214
1123
2032
2940
849
1757
2666
575
1483
2392
532
1441
2350
258
1167
2075
2984
893
1801
2710
619
1527
1274
2183
91
1000
1909
49
958
1866
2775
684
1592
2501
409
1318
2227
135
1044
1953
2861
770
1678
2587
496
1404
2313
221
1130
2039
2947
856
1764
2673
582
1490
2399
308
1216
2125
33
942
1851
2759
900
1808
2717
626
1534
2443
351
1260
2169
77
986
1895
2803
712
1620
2529
438
1346
2255
163
1072
1981
2889
798
1707
2615
524
1432
2341
250
1158
2067
2975
884
1793
2701
842
1750
2659
568
1476
2385
294
1202
2111
19
928
1837
2745
654
1562
2471
380
1288
2197
106
1014
1923
1902
2810
719
1628
2536
445
1353
2262
171
1079
826
1735
2643
784
1693
2601
510
1418
2327
2074
2983
891
1800
2708
617
1526
2434
343
1251
2160
301
1209
2118
26
935
1844
2752
661
1570
2478
387
1295
2204
113
1021
1930
2838
747
1656
2564
473
1382
2290
199
1107
2016
2925
833
1742
2650
559
1468
1447
2355
264
1172
2081
2990
898
1807
2715
624
1533
2441
350
1259
2167
76
984
1893
2802
710
1619
2527
668
1577
2485
394
1302
2211
120
1028
1937
2846
754
1663
2571
480
1389
2297
206
1114
2023
2932
840
1749
2658
566
1475
2383
292
1201
2109
18
926
1835
2744
652
1561
2469
610
1519
2427
336
1245
2153
62
970
1879
2788
696
1605
2513
422
1331
2239
148
1057
1965
2874
782
1691
2600
508
1417
2325
234
1143
2051
2960
868
1777
2686
594
1503
2412
552
1461
2369
278
1187
2095
4
912
1821
2730
638
1547
2456
364
1273
2181
90
999
1907
2816
724
1633
2542
450
1359
2267
176
1085
1993
2902
811
1719
2628
536
1445
2354
494
1403
2311
220
1129
2037
2946
855
1763
2672
580
1236
2144
53
962
1870
11
920
1828
2737
645
1554
2463
371
1280
2188
97
1006
1914
2823
732
1640
2549
457
1366
2275
183
1092
2000
2909
818
1726
2635
543
1452
2361
269
1178
2087
2995
904
1812
2721
2700
609
1517
1496
2405
313
60
969
1877
1856
2765
674
420
1329
2238
378
2196
104
1013
760
1668
2577
486
1394
2303
211
1120
2029
2937
846
1754
2663
804
1712
2621
530
1438
2347
255
1164
2073
2981
890
1798
2707
616
1524
2433
341
1250
2159
2138
46
955
1863
2772
681
1589
2498
407
1315
2224
132
1041
1950
2858
767
1675
2584
493
1401
2310
218
1127
2036
2944
853
1762
2670
579
1487
2396
305
1213
2122
262
1171
2080
2988
897
1806
2714
623
1531
2440
349
1257
2166
74
983
1892
2800
709
1617
2526
435
1343
2252
161
1069
1978
2886
795
1704
2612
521
1429
2338
247
1155
2064
205
1113
2022
2930
839
1748
2656
565
1473
2382
291
1199
2108
16
925
1834
2742
651
1560
2468
377
1285
2194
103
1011
1920
2828
737
1646
2554
463
1372
2280
189
1097
2006
147
1055
1964
2872
781
1690
2598
507
1415
2324
233
1141
2050
2959
867
1776
2684
593
1502
2410
319
1227
2136
45
953
1862
2770
679
2496
405
1314
2222
131
1039
1948
89
997
1906
2814
